0.29	(-10.1288,-5.63147)	(30.9266,20.5627)	(-1.00114,0)	(12.4954,10.6598)	(24.3611,-20.5855)	(1.72806,-21.2979)	(6.24543,-9.11027)	(-23.5478,1.18788)	(24.2494,7.48976)	
0.31	(37.677,12.4977)	(-21.1531,-24.5825)	(5.25496,0)	(6.40211,-10.5347)	(7.73178,-48.2092)	(-5.24266,-22.682)	(-0.310591,-14.6634)	(8.04765,-18.5641)	(39.7624,-6.67257)	
0.33	(-8.87954,56.977)	(-5.44687,0.515754)	(25.3691,0)	(43.9234,-16.2959)	(-10.243,30.6905)	(1.91483,16.9085)	(17.606,4.77777)	(6.21222,26.6103)	(41.6413,26.9638)	
0.35	(-44.8974,-4.66314)	(-53.8353,42.0126)	(65.6061,0)	(-3.20916,-21.138)	(-7.77107,-13.8873)	(-22.6223,1.92267)	(5.25992,-7.5307)	(5.74846,0.219179)	(2.95563,50.2801)	
0.37	(0.58205,-42.1747)	(53.1331,57.5863)	(29.311,0)	(-17.2947,65.0556)	(41.4622,6.74911)	(15.8223,7.77672)	(-29.1792,6.33309)	(6.03971,23.2146)	(23.5784,16.817)	
0.39	(-1.32773,-54.1307)	(25.0572,56.6589)	(3.00329,0)	(31.995,2.43111)	(-26.4109,55.8645)	(6.85237,3.93511)	(-10.6655,-28.3217)	(64.681,-18.1244)	(-15.3449,27.5831)	
0.41	(-5.7615,54.8502)	(-30.8203,50.5986)	(23.7988,0)	(-22.4062,-3.44655)	(-21.0519,-31.9602)	(-32.0256,-42.8635)	(13.6661,-6.04912)	(27.8489,-32.1657)	(-77.4775,4.0075)	
0.43	(41.1491,-20.6125)	(-39.3137,-35.1794)	(24.424,0)	(-41.3829,55.4997)	(10.8004,-6.63652)	(71.9247,-20.6444)	(-19.8638,-5.39013)	(21.1723,15.6012)	(39.6768,87.3023)	
0.45	(-32.3556,23.8212)	(68.8687,-41.1509)	(66.3856,0)	(-1.07306,29.8155)	(5.53789,-24.0419)	(48.4304,67.2219)	(15.0373,-88.4672)	(0.199474,14.9517)	(-47.6065,9.49496)	
0.47	(-65.6195,-78.5753)	(65.0728,-41.7796)	(43.1834,0)	(-15.8235,5.3135)	(19.8463,45.3202)	(38.8374,72.0506)	(53.5582,-3.55447)	(-3.90976,27.614)	(-44.632,18.4301)	
0.49	(22.052,13.8656)	(-62.4773,-3.26563)	(47.9621,0)	(49.323,-3.95732)	(23.3726,-49.6056)	(31.0089,-38.11)	(-61.9615,66.094)	(41.251,47.1693)	(-37.965,-96.821)	
0.51	(42.7708,30.3747)	(60.9545,-70.9799)	(12.5919,0)	(-85.3977,-26.151)	(-23.3528,26.0885)	(72.0269,-30.3983)	(-28.4022,94.8257)	(0.701512,-41.8137)	(-55.3611,-60.1371)	
0.53	(74.2385,60.2604)	(-54.2157,-39.7956)	(-4.66621,0)	(-105.5,-72.1067)	(-26.3877,53.5847)	(-17.3363,10.1663)	(31.3229,-5.0263)	(16.327,-78.3936)	(-98.2348,3.12037)	
0.55	(-17.9269,-17.0211)	(0.482844,19.3659)	(-17.4887,0)	(31.4695,-0.947852)	(-54.9641,-59.5704)	(-112.189,64.0376)	(-30.8611,-176.286)	(-13.6174,39.666)	(50.0426,22.2972)	
0.57	(48.963,-98.3505)	(-54.9934,-6.06996)	(62.7495,0)	(-69.465,25.8896)	(70.6954,46.0355)	(-17.3537,32.9882)	(2.98982,-41.1283)	(-74.4082,-113.355)	(-17.0503,138.96)	
0.59	(-54.2269,7.39718)	(-64.8293,-105.635)	(112.573,0)	(131.005,-48.1118)	(59.4236,15.1379)	(62.784,-60.7339)	(-58.8645,-123.058)	(-71.4424,32.2213)	(16.2667,47.5547)	
0.61	(68.8494,135.807)	(1.34353,-52.4585)	(109.988,0)	(48.1252,-14.7877)	(-16.1271,44.8395)	(83.5977,-53.5817)	(-108.42,171.494)	(-98.0884,-68.55)	(-58.7518,-72.3098)	
0.63	(-38.0747,-10.9861)	(31.4935,21.9494)	(31.9152,0)	(11.0386,39.0207)	(-42.1543,-103.634)	(-28.205,-87.5825)	(-91.0877,-215.159)	(-175.018,62.9652)	(-154.508,91.2022)	
0.65	(99.6031,88.6666)	(-94.22,-36.4257)	(310.956,0)	(4.98688,-75.1951)	(-17.9768,36.6591)	(-11.8592,136.643)	(-135.132,-84.7275)	(28.13,-103.443)	(28.1109,18.5534)	
0.67	(-79.9624,111.616)	(-85.7092,-57.5903)	(326.541,0)	(-37.399,-134.708)	(74.7976,37.7095)	(-70.1024,107.198)	(142.187,18.7209)	(-1.03011,-161.785)	(-19.5052,-149.434)	
0.69	(-29.3043,-126.335)	(87.3774,58.7027)	(461.641,0)	(31.0303,23.4611)	(-63.969,80.8631)	(9.42598,172.883)	(-70.4622,-135.763)	(-44.1759,-107.577)	(1.01962,86.5177)	
0.71	(326.939,44.347)	(42.8749,-5.38018)	(167.199,0)	(212.227,18.7654)	(-271.926,27.5672)	(0.394394,80.9251)	(10.8518,40.7062)	(-39.1686,-368.483)	(49.4805,-157.234)	
0.73	(47.8666,-223.488)	(-41.8201,-65.5531)	(275.162,0)	(-263.408,453.421)	(45.5268,76.1644)	(175.723,63.1872)	(-38.3803,-22.5433)	(-27.7678,-170.237)	(8.50539,265.841)	
0.75	(103.241,32.0628)	(19.6052,60.8721)	(-165.442,0)	(201.29,676.951)	(70.1287,-76.1916)	(176.255,-89.6132)	(232.172,-63.5468)	(-61.6061,46.4593)	(-19.7825,-91.829)	
0.77	(-62.4438,318.791)	(-53.4521,-69.203)	(252.076,0)	(-165.367,-511.732)	(-30.295,-94.7023)	(-220.202,77.9643)	(-196.542,132.863)	(3.25339,-128.369)	(-152.298,-193.34)	
0.79	(-6.35676,-75.6888)	(27.693,47.0607)	(93.3205,0)	(-333.171,-556.916)	(21.0329,-18.6687)	(-151.889,117.298)	(-165.197,113.932)	(77.965,-79.541)	(-22.3858,50.9191)	
0.81	(84.279,258.675)	(-21.3457,8.38306)	(210.407,0)	(-124.087,450.303)	(-57.247,-120.317)	(37.9826,101.232)	(131.145,43.9819)	(-212.494,-70.7949)	(40.99,-72.8077)	
0.83	(-53.761,18.7958)	(-21.631,49.4918)	(224.955,0)	(-185.738,138.083)	(35.0701,-29.7573)	(-142.967,-185.913)	(-225.363,-122.761)	(-81.1453,106.227)	(134.358,-275.026)	
0.85	(67.473,-191.876)	(-14.3595,20.3689)	(386.492,0)	(8.58335,-72.9992)	(-42.559,97.7562)	(50.5249,-75.3064)	(-63.312,-118.148)	(-11.9516,218.685)	(20.2901,-24.7697)	
0.87	(199.998,125.859)	(-8.56429,31.3412)	(162.683,0)	(191.07,17.0169)	(-106.289,-127.484)	(172.412,-113.75)	(52.2172,80.6642)	(-158.723,14.0397)	(84.9953,-17.6898)	
0.89	(129.362,162.954)	(-9.34898,17.5596)	(26.3053,0)	(276.174,-83.1243)	(12.1126,-111.959)	(71.3781,177.458)	(-4.35201,4.88158)	(-12.3922,-60.5984)	(46.819,107.308)	
0.91	(-119.537,200.96)	(-86.056,-92.425)	(155.101,0)	(53.6873,-42.9365)	(48.8441,-90.6233)	(-39.2184,110.856)	(-95.182,-54.898)	(106.136,-95.6933)	(-5.29421,81.2762)	
0.93	(-242.875,-52.8786)	(23.9535,-19.0126)	(-94.8738,0)	(-164.172,14.429)	(27.092,68.2007)	(-82.6168,-124.949)	(-34.6929,-4.05544)	(49.4097,57.0552)	(-66.5507,-65.4114)	
0.95	(-57.5108,-22.4176)	(21.3719,21.5092)	(-74.5691,0)	(-141.455,23.9291)	(76.5795,-87.9603)	(-130.061,-102.627)	(-91.5339,-101.154)	(107.035,17.8364)	(-113.591,112.58)	
0.97	(-34.801,99.48)	(44.5583,17.6356)	(-62.2795,0)	(-137.89,87.3982)	(-92.7855,1.21728)	(0.75381,72.5156)	(20.51,-14.4108)	(-56.9165,-137.997)	(11.4624,184.593)	
0.99	(-107.253,-22.6971)	(41.6606,20.3983)	(96.3716,0)	(103.016,70.0128)	(6.44536,-100.052)	(-101.396,-10.5686)	(-53.7729,-66.1511)	(122.655,-39.3469)	(-82.0754,98.2281)	
1.01	(-32.0325,142.38)	(22.6729,8.29318)	(127.901,0)	(60.3188,32.4923)	(-91.8652,-10.5178)	(31.8392,115.415)	(-20.4089,118.523)	(-31.0251,-73.4042)	(5.88443,-4.47714)	
1.03	(-56.4865,64.0098)	(36.9695,137.898)	(14.5269,0)	(-18.5759,-17.6796)	(-33.2682,-47.9091)	(-75.1425,66.4818)	(-68.5686,94.4886)	(96.0694,15.9527)	(-114.255,-84.6556)	
1.05	(-53.7482,-73.5538)	(38.1015,-145.698)	(16.1028,0)	(-24.8885,32.5991)	(-30.7292,27.5228)	(-77.5786,-62.5096)	(-58.4243,-91.1918)	(95.9864,-4.9036)	(-105.449,81.156)	
1.07	(-55.0532,-49.9912)	(-158.254,25.0367)	(-34.5244,0)	(30.9583,-32.7055)	(39.2838,-46.622)	(-11.2797,-40.636)	(-4.1162,5.87118)	(18.7978,108.841)	(-23.2123,-166.228)	
1.09	(-0.235224,73.0012)	(42.5986,-11.6575)	(-39.5855,0)	(-46.6372,-6.06726)	(-117.576,33.2356)	(-20.307,40.0892)	(9.18992,-13.7823)	(-43.0925,-153.97)	(24.8234,144.504)	
1.11	(-108.68,-94.5024)	(39.6927,-88.3615)	(68.0361,0)	(-26.8716,77.0154)	(-93.797,47.8893)	(-81.9246,-25.9977)	(-82.4914,-61.0078)	(7.73452,99.6561)	(-6.33996,29.4347)	
1.13	(101.093,63.719)	(2.90565,-34.4823)	(86.8431,0)	(63.5334,-8.52849)	(15.0957,118.207)	(134.626,35.3532)	(55.4001,59.4235)	(-82.0239,24.5414)	(49.7026,-61.3549)	
1.15	(-95.0403,42.0942)	(28.4225,62.711)	(75.2395,0)	(11.174,-58.3534)	(-113.86,-25.4768)	(-43.8172,7.54017)	(-95.9727,-3.79831)	(50.9095,-128.457)	(1.56637,91.8905)	
1.17	(19.2482,-1.68973)	(194.345,57.3827)	(86.3876,0)	(-92.1616,-17.7663)	(-33.2136,-31.9646)	(29.8673,-42.3957)	(13.9119,8.51166)	(-20.2353,71.6201)	(-26.1055,-113.259)	
1.19	(54.5995,-179.639)	(-41.2812,10.4363)	(82.925,0)	(52.4973,39.6296)	(135.093,-0.403064)	(45.9587,-82.4182)	(-13.452,-19.3747)	(29.0478,103.791)	(-13.3615,-19.1632)	
1.21	(23.9887,-3.92827)	(209.494,52.5842)	(106.395,0)	(-85.9339,10.8365)	(-28.0374,-50.3751)	(27.9285,-58.9981)	(-70.2267,-79.4742)	(-17.827,64.3343)	(38.2368,-22.1091)	
1.23	(-77.1569,83.4166)	(-118.634,-32.1019)	(-25.185,0)	(25.1916,45.3867)	(52.375,124.208)	(6.16623,107.966)	(23.8048,48.1009)	(99.164,2.58723)	(-100.968,86.503)	
1.25	(18.8423,111.833)	(129.636,16.1503)	(57.8222,0)	(-124.244,-14.0819)	(-76.702,104.156)	(38.6458,-2.22414)	(22.0984,87.3354)	(-2.20619,-116.138)	(-86.4773,34.9849)	
1.27	(108.835,76.2067)	(67.0255,-97.0221)	(51.4758,0)	(29.9688,143.732)	(42.2318,109.788)	(58.7176,43.3981)	(6.03932,44.6627)	(-82.6222,37.0718)	(96.8408,-14.8486)	
1.29	(86.4245,106.204)	(47.5613,-76.724)	(115.949,0)	(1.36961,139.717)	(43.1303,99.8152)	(91.8798,51.5494)	(18.1535,50.4405)	(-73.2844,-8.3037)	(39.1235,-0.311453)	
1.31	(35.0425,-107.212)	(83.7681,59.1448)	(34.0731,0)	(-82.3997,-96.2995)	(7.68705,-134.77)	(36.0925,-87.4027)	(102.984,-94.522)	(-75.5188,-11.0323)	(0.729414,-28.2264)	
1.33	(83.0451,49.4997)	(-43.6939,-18.7354)	(-15.6283,0)	(-53.246,-36.3175)	(165.191,-0.8537)	(10.9693,103.351)	(-40.4165,97.2616)	(-103.09,-62.397)	(83.5169,54.0554)	
1.35	(32.167,111.991)	(-104.637,104.329)	(-23.1453,0)	(22.3522,-22.0137)	(130.672,3.57913)	(84.1738,63.4122)	(89.3217,60.5459)	(-29.4657,-46.8632)	(-0.410115,31.2236)	
1.37	(-152.444,-7.32114)	(47.7832,-42.1454)	(35.7435,0)	(57.2495,3.95818)	(-73.3174,142.397)	(-45.0495,20.142)	(-1.51051,8.28181)	(132.637,1.61222)	(-65.3046,-2.54249)	
1.39	(-31.3597,83.0833)	(139.637,13.3348)	(118.542,0)	(-63.9759,-58.9469)	(-88.3573,98.199)	(2.66849,47.3868)	(-35.7836,38.0945)	(11.3468,-62.5598)	(0.234223,-0.794392)	
