0.3	(-26.7084,104.953)	(-151.432,153.615)	(-8.99486,-56.021)	(113.828,0)	(-18.321,66.8887)	(-29.7303,-84.2963)	(-97.6956,0)	(-41.1916,-15.8801)	(0.594062,72.6499)	(16.7341,48.1646)	(79.5639,-29.2396)	(34.6534,105.733)	(-100.16,-35.7847)	(-40.9994,-99.728)	(-1.54043,-62.3921)	(149.612,-47.236)	(30.1459,-26.946)	(-11.5853,-147.123)	
0.34	(133.304,-47.8884)	(175.212,-249.927)	(-12.8992,-3.93061)	(352.607,0)	(308.886,-98.7802)	(-48.3962,3.66479)	(57.4922,0)	(-8.22324,-64.7485)	(-100.134,-133.916)	(57.097,38.2522)	(-17.5389,-183.456)	(-14.4516,81.511)	(22.5767,162.279)	(6.49229,66.1092)	(-79.6626,6.95306)	(-177.042,222.607)	(-123.796,-80.9027)	(-97.1041,-5.52832)	
0.38	(8.72079,74.7346)	(-95.7181,393.138)	(15.8435,1.29615)	(581.25,0)	(388.041,-37.5826)	(-65.3742,-19.4659)	(51.2698,0)	(-137.523,11.6293)	(-91.2105,156.486)	(-63.1671,-64.4746)	(40.3365,222.372)	(37.9241,-57.4398)	(-26.8018,-333.63)	(46.4482,-112.273)	(29.8286,55.5885)	(170.452,-259.155)	(-103.82,109.271)	(-207.15,-154.949)	
0.42	(-61.6194,-210.49)	(631.478,203.56)	(-83.6192,101.051)	(-57.5179,0)	(-102.835,-44.3997)	(135.897,0.0146724)	(-35.4835,0)	(63.1494,33.6955)	(26.6835,77.7869)	(523.976,186.925)	(-101.319,-565.451)	(169.151,-84.5078)	(-106.388,305.592)	(-297.021,-252.602)	(62.1381,-11.7739)	(-432.669,10.2491)	(151.829,-36.6716)	(-137.306,-265.958)	
0.46	(-274.718,-410.183)	(-667.927,369.161)	(-17.974,-35.8245)	(51.5603,0)	(53.9106,-21.3637)	(95.5425,32.4632)	(-68.2293,0)	(-12.8004,90.0367)	(204.563,17.1694)	(541.461,107.668)	(-342.394,-727.37)	(3.81215,-128.971)	(-72.3085,502.609)	(201.82,-96.3455)	(-88.2023,-51.6348)	(486.158,-424.043)	(-146.091,-23.1155)	(294.207,-89.7664)	
0.5	(-589.277,-180.43)	(691.801,-457.008)	(-25.2987,-80.5641)	(55.4554,0)	(27.949,38.7061)	(-42.2963,21.5624)	(108.201,0)	(8.09419,25.7691)	(240.438,215.89)	(271.796,664.199)	(-991.108,-334.182)	(-221.043,167.795)	(444.676,-122.234)	(-267.29,385.415)	(160.49,-16.701)	(-580.729,353.569)	(139.511,119.218)	(-401.183,-94.5783)	
0.54	(-229.917,806.213)	(-705.701,683.155)	(10.662,55.258)	(99.0537,0)	(31.1216,57.1648)	(-18.9912,40.9689)	(-7.85539,0)	(30.0871,108.45)	(-75.8944,-390.225)	(-554.675,-524.247)	(-317.389,1281.22)	(-228.48,208.739)	(292.688,-320.638)	(303.65,-177.461)	(-10.0001,109.846)	(633.751,-664.482)	(-5.41027,145.939)	(148.584,-308.211)	
0.58	(551.687,-971.409)	(-1190.46,-75.7114)	(1.80426,-66.9086)	(-176.373,0)	(60.0354,-5.80582)	(-47.4043,44.6957)	(-57.2659,0)	(11.8536,-63.4745)	(-30.7838,497.435)	(535.562,682.327)	(697.08,-1343.82)	(291.984,-55.489)	(-437.822,142.63)	(448.228,-88.1312)	(-127.851,-81.3215)	(1071.72,216.469)	(-65.9398,-149.852)	(230.331,223.33)	
0.62	(-1149.34,292.915)	(-991.213,1020.22)	(-35.1031,64.2828)	(92.326,0)	(-24.9525,-27.686)	(-12.5733,-26.7442)	(-108.667,0)	(51.0607,41.7904)	(806.364,-185.766)	(2.42212,-1292.5)	(-1730.06,351.614)	(-279.701,-113.282)	(219.239,64.7632)	(547.026,-454.94)	(-255.752,-22.2145)	(691.933,-1066.08)	(-51.0389,-4.75416)	(13.6513,-163.334)	
0.66	(929.616,1140.72)	(-704.096,1575.22)	(26.4424,65.678)	(-6.32558,0)	(30.799,26.9108)	(109.254,53.9366)	(41.3871,0)	(-419.052,-88.7562)	(-579.895,-762.898)	(1116.97,-1201.7)	(1315.4,1639.52)	(250.823,36.9693)	(-177.242,-13.2188)	(414.167,-789.097)	(-224.423,41.8389)	(345.926,-1572.5)	(-17.426,-34.7691)	(-127.265,-57.9031)	
0.7	(2292.99,175.903)	(1681,-1148.73)	(55.515,9.06043)	(-108.326,0)	(16.2398,-3.96122)	(-48.5446,-64.3271)	(56.8234,0)	(79.5653,59.8476)	(-924.497,175.784)	(-110.245,1766.84)	(2545.71,63.6322)	(171.081,301.096)	(-182.884,-143.522)	(-582.376,667.621)	(24.6087,75.8083)	(-1823.51,1137.33)	(165.445,313.447)	(-242.96,-214.102)	
0.74	(-1699.54,-1783.26)	(-1636.63,1539.37)	(-193.554,-153.719)	(368.439,0)	(-59.1664,150.496)	(-51.7931,-25.4478)	(-199.514,0)	(-92.259,-194.186)	(633.678,1048.42)	(-1675.09,1675.08)	(-1808.56,-1969.03)	(-177.672,178.324)	(83.2169,-109.318)	(846.605,-898.315)	(-144.78,-247.817)	(1690.67,-1890.77)	(-32.94,-400.55)	(112.159,342.385)	
0.78	(-402.002,-2217.83)	(1309.44,1805.13)	(49.191,126.665)	(341.728,0)	(-34.8659,-29.7662)	(-159.512,-130.582)	(-157.882,0)	(-90.0652,165.242)	(483.715,726.003)	(2057.55,-428.305)	(-524.41,-2216.84)	(153.892,90.082)	(-185.141,-134.646)	(-342.572,-886.803)	(-255.414,-16.8852)	(-1585.08,-1897.65)	(-274.905,-201.321)	(156.077,304.451)	
0.82	(553.728,-1577.63)	(474.197,1464.3)	(-6.3191,68.2319)	(-285.783,0)	(-103.983,-1.11554)	(-89.7311,-220.532)	(-97.937,0)	(73.9033,-34.8225)	(-527.56,276.402)	(-1487.78,-587.935)	(671.568,-1363.81)	(-105.09,276.681)	(224.02,-140.367)	(-307.388,-530.751)	(-278.172,-36.5029)	(-917.23,-1627.58)	(-105.631,-293.588)	(392.338,142.356)	
0.86	(-50.6435,243.772)	(320.341,-805.234)	(626.735,-8.00483)	(1744.64,0)	(-548.257,-90.0439)	(-63.6862,46.8767)	(-27.8876,0)	(102.399,-40.942)	(-35.9245,-270.838)	(57.0566,-1061.84)	(-93.1672,283.342)	(-38.3743,-98.095)	(-29.0248,137.967)	(87.9076,558.854)	(203.754,180.269)	(-10.5617,1094.98)	(-62.545,142.067)	(-26.0717,-215.029)	
0.9	(533.357,495.898)	(-714.688,-392.75)	(-82.3653,-78.8769)	(-147.834,0)	(11.2878,-72.3131)	(78.7319,-113.772)	(128.124,0)	(-18.7141,-2.81472)	(-253.534,303.531)	(-488.479,579.016)	(544.639,92.0513)	(-136.884,-376.753)	(219.111,215.911)	(149.567,101.47)	(76.4054,213.878)	(806.741,655.467)	(278.366,138.781)	(-147.555,-237.534)	
0.94	(-337.618,359.623)	(413.531,63.966)	(14.8442,-46.4068)	(109.421,0)	(-49.6027,22.9045)	(-38.1834,-224.193)	(-77.446,0)	(56.1143,-6.62736)	(171.003,352.035)	(380.887,572.293)	(-203.968,-11.9459)	(231.878,-271.032)	(-310.525,83.5635)	(-274.087,149.83)	(-298.917,119.672)	(-746.247,156.436)	(-129.291,-101.115)	(244.463,61.1842)	
0.98	(81.4223,-318.596)	(242.037,-92.998)	(0.316462,115.717)	(-201.672,0)	(11.7608,-52.0077)	(-198.747,-125.902)	(-56.2113,0)	(101.547,57.9969)	(-346.496,-283.253)	(-260.962,-424.842)	(73.6086,131.564)	(-137.017,376.922)	(114.495,-71.3125)	(-83.6957,91.1303)	(-95.8925,267.59)	(-421.982,411.771)	(-31.5676,111.887)	(79.86,-106.857)	
1.02	(68.4919,160.759)	(-160.703,-175.396)	(254.649,-170.085)	(130.845,0)	(-83.775,6.67208)	(41.3893,101.757)	(57.3707,0)	(-43.545,-12.8837)	(170.75,290.17)	(176.275,363.162)	(-122.289,24.5057)	(-42.8511,-121.31)	(-72.0025,-32.5676)	(127.061,-174.944)	(188.06,-309.075)	(401.467,-289.407)	(52.6525,7.33608)	(-69.3058,138.634)	
1.06	(76.8869,-232.618)	(15.9536,174.095)	(-32.2075,38.5188)	(103.289,0)	(-54.7311,-67.5436)	(-61.452,-99.3971)	(-82.8666,0)	(-6.57754,36.7345)	(279.777,-195.495)	(140.013,-377.268)	(-5.41358,3.21267)	(-57.2752,25.7727)	(-28.1902,73.5191)	(-214.817,112.278)	(-235.884,304.292)	(-256.639,242.606)	(-45.6334,-34.5672)	(40.4299,-143.713)	
1.1	(164.116,-206.633)	(83.415,-17.9154)	(19.8706,77.1635)	(82.5396,0)	(-11.3952,-65.7828)	(61.4572,135.587)	(62.2545,0)	(7.4695,-66.6748)	(172.606,-268.907)	(288.521,-79.7115)	(-46.4615,19.0355)	(-10.8528,211.964)	(-82.7303,-186.235)	(123.536,-120.227)	(315.39,-98.9685)	(271.092,-10.6263)	(48.5588,81.4283)	(-133.025,-108.937)	
1.14	(207.225,-160.452)	(-48.6249,-257.784)	(-85.2763,45.2154)	(49.8634,0)	(23.7467,-56.7114)	(9.2572,-45.4254)	(138.853,0)	(23.3559,-9.08881)	(211.7,-254.609)	(168.906,-136.802)	(-65.9747,-120.663)	(-153.925,83.2874)	(49.2569,9.45601)	(84.5569,-44.1797)	(272.295,-173.877)	(218.089,-92.7117)	(126.792,149.188)	(-79.2754,65.1131)	
1.18	(-85.7045,-215.916)	(-125.161,-139.125)	(-119.394,98.8167)	(-109.805,0)	(-6.75884,-3.49532)	(-14.4719,-32.6303)	(-85.7292,0)	(-9.94321,84.229)	(-14.3376,-234.059)	(-137.474,-191.408)	(74.9764,-109.667)	(-75.1534,144.471)	(88.7897,77.1764)	(-43.5028,-225.537)	(-346.566,-80.1558)	(-232.478,-22.4446)	(-0.995132,108.114)	(88.205,-123.136)	
1.22	(114.527,-250.22)	(182.005,123.386)	(203.088,45.4173)	(76.4533,0)	(-129.8,-63.4484)	(-53.8043,168.932)	(26.6061,0)	(-61.1701,-114.938)	(-89.646,-268.109)	(18.0852,-216.837)	(-220.68,33.0383)	(-92.6327,56.7826)	(21.7294,-45.8819)	(93.23,-33.3945)	(297.681,-41.7665)	(159.211,-41.8425)	(-67.2303,-123.167)	(-48.6001,25.506)	
1.26	(-51.9988,-298.079)	(-60.6272,-236.978)	(48.5365,85.9895)	(77.5552,0)	(103.243,51.4554)	(7.94765,-41.0794)	(-121.987,0)	(-123.223,51.6398)	(-72.412,-253.853)	(-22.6901,-52.4322)	(-165.466,146.094)	(176.224,226.821)	(-66.953,-86.5943)	(87.0204,-130.51)	(-210.889,-69.2584)	(-72.8908,20.3628)	(0.152753,187.287)	(106.776,-143.592)	
1.3	(-136.667,219.949)	(-51.4919,-235.985)	(85.8641,-57.5431)	(107.954,0)	(74.224,-59.5762)	(36.2583,-9.99986)	(131.216,0)	(95.0951,72.8572)	(-114.51,197.152)	(-127.034,-4.30896)	(-203.593,-181.599)	(183.84,-195.245)	(-61.1413,67.0211)	(-141.807,-144.318)	(189.293,-174.57)	(73.5686,-6.60095)	(86.8573,143.861)	(-114.473,-77.0468)	
1.34	(-264.486,-185.758)	(-137.104,100.601)	(31.9285,86.2095)	(19.6811,0)	(10.4035,53.341)	(62.5574,9.56187)	(-124.595,0)	(-122.701,-19.0148)	(-158.518,-142.57)	(-152.206,99.5385)	(-242.642,173.364)	(75.346,167.88)	(26.8952,-22.8442)	(-75.711,166.278)	(-311.641,111.739)	(-109.645,71.563)	(54.6281,-19.3591)	(-0.150904,76.5661)	
1.38	(256.48,-104.41)	(201.548,-113.536)	(-65.3444,-81.709)	(39.486,0)	(34.5238,8.45998)	(-80.1863,-26.2336)	(115.083,0)	(126.697,26.0813)	(223.059,21.8195)	(74.8747,-162.706)	(4.63318,-260.885)	(-57.9924,-35.3365)	(123.915,39.2121)	(177.305,-15.4763)	(317.298,-132.75)	(142.604,-0.599336)	(-72.3167,-150.121)	(6.77327,83.525)	
1.42	(-10.8908,275.167)	(156.53,282.916)	(105.305,-76.8173)	(115.545,0)	(-102.798,-49.0297)	(136.185,-117.142)	(68.3362,0)	(-131.332,81.8721)	(-134.474,177.596)	(63.1599,122.864)	(-42.111,242.33)	(-12.8733,-112.241)	(-86.6951,-20.0745)	(53.3146,98.2117)	(99.3323,335.871)	(-30.1122,4.44843)	(-46.8676,31.8374)	(-3.28771,-49.6804)	
1.46	(-19.0291,233.987)	(-60.9873,306.034)	(338.62,98.3411)	(94.564,0)	(-122.46,-74.3024)	(-117.578,-48.1953)	(-76.5611,0)	(65.3051,-26.1759)	(-166.155,104.382)	(-27.0556,114.334)	(-104.462,250.304)	(47.5327,17.5587)	(-54.8235,-22.5417)	(14.0298,104.124)	(48.8619,324.216)	(-30.4875,42.1291)	(64.3628,-22.3084)	(86.6456,-32.904)	
1.5	(50.7222,-301.891)	(138.238,-255.13)	(111.285,87.9796)	(27.3462,0)	(-59.361,-67.6817)	(-86.5709,-56.5308)	(58.1536,0)	(83.1143,4.59875)	(-76.9738,-246.182)	(190.931,-57.0408)	(261.767,-172.359)	(35.6602,115.652)	(-39.4142,-20.4067)	(58.3632,-57.0426)	(309.714,-207.498)	(71.1412,58.0917)	(22.348,41.8112)	(-24.97,2.6328)	
1.54	(-219.159,134.645)	(314.93,-96.1974)	(136.029,94.8411)	(63.736,0)	(-45.0187,-18.2329)	(-27.6492,30.7021)	(74.2312,0)	(83.8246,74.8571)	(-224.035,25.7297)	(5.42301,249.959)	(-62.3803,296.111)	(38.9427,19.2545)	(-4.36122,-20.3182)	(127.34,51.9476)	(370.951,-5.57846)	(21.099,64.4381)	(-24.561,76.984)	(-4.25897,-80.4175)	
1.58	(157.227,132.774)	(-264.885,58.8838)	(-266.98,158.055)	(86.2712,0)	(31.158,-10.0272)	(12.3348,37.0851)	(-70.9917,0)	(-60.5386,26.9787)	(102.863,49.0655)	(165.754,233.183)	(129.111,284.712)	(-51.17,21.5414)	(-15.9067,-13.428)	(-193.607,-46.4756)	(-326.385,51.1887)	(-81.2842,36.4486)	(-34.1394,78.6952)	(5.6276,-110.714)	
1.62	(111.675,160.388)	(215.037,109.109)	(-2.29376,-105.458)	(30.0826,0)	(13.6976,39.2051)	(-43.6133,29.3057)	(50.4935,0)	(5.9938,-0.22045)	(-8.08954,233.833)	(239.595,145.941)	(255.598,145.574)	(42.2615,24.8139)	(-18.2451,61.2049)	(119.489,186.22)	(394.141,80.5862)	(57.0634,127.38)	(52.9128,-39.9676)	(-2.32322,-69.6328)	
1.66	(-170.373,35.5769)	(286.809,42.8693)	(71.553,13.0664)	(14.8383,0)	(-6.19723,-37.1074)	(-15.4924,-108.395)	(97.4413,0)	(31.5551,89.572)	(-295.884,-81.5995)	(-123.122,217.958)	(37.7038,247.749)	(40.65,18.0811)	(-93.0175,0.534386)	(99.1448,57.5532)	(271.843,198.914)	(-11.5713,67.558)	(-78.6768,110.667)	(-87.6963,43.0647)	
1.7	(120.253,-50.8497)	(23.5295,145.664)	(-145.5,22.4668)	(-79.8888,0)	(-2.33327,12.917)	(-114.629,-6.84006)	(101.145,0)	(101.71,-49.6933)	(255.017,9.79545)	(58.1935,-205.154)	(-78.9884,-224.022)	(-90.8362,-67.5122)	(94.6831,4.03373)	(-52.7464,239.83)	(157.405,247.132)	(-15.9015,61.8102)	(89.7517,8.09931)	(-47.8028,10.9033)	
1.74	(-6.27231,-269.517)	(71.1722,-83.7771)	(91.1953,7.48565)	(66.1587,0)	(-44.7293,44.8951)	(-127.176,42.7751)	(83.6386,0)	(118.909,11.5077)	(-101.438,-234.357)	(46.9132,-39.746)	(164.217,74.6553)	(91.8033,112.681)	(-58.1528,66.2976)	(-20.004,-176.654)	(130.656,-128.811)	(6.50553,6.01605)	(-14.8087,30.3905)	(2.81018,-91.6084)	
1.78	(-164.264,11.7465)	(-72.4292,-23.3193)	(39.0817,149.712)	(50.0112,0)	(55.825,-25.7358)	(-36.8572,155.74)	(29.4727,0)	(120.875,-112.136)	(-247.608,-47.1149)	(-21.9001,36.0672)	(70.8884,17.5391)	(126.578,99.6839)	(-4.98224,-113.562)	(-155.708,-93.4734)	(-48.2645,-52.4016)	(4.76108,23.9465)	(10.7666,-11.2069)	(-60.2151,-35.165)	
1.82	(4.66053,156.974)	(-99.7034,62.8192)	(101.356,9.93488)	(91.8135,0)	(15.9947,-38.292)	(22.1866,-13.6563)	(-38.53,0)	(-76.0032,20.0905)	(-94.811,181.468)	(16.0026,-1.54631)	(-54.351,-87.5137)	(49.7465,-103.414)	(22.7732,7.4365)	(-192.057,174.08)	(-33.6014,93.9458)	(-20.1832,12.2721)	(77.5914,0.541049)	(2.77898,24.7677)	
1.86	(-61.2319,-89.0496)	(-150.983,-6.57286)	(21.8891,37.8915)	(53.8295,0)	(22.2064,-20.8391)	(-4.93018,-5.14982)	(55.0855,0)	(52.7117,-41.8394)	(-57.0893,-217.665)	(19.7756,6.7029)	(70.2578,-18.9811)	(45.0095,94.3746)	(-5.35847,35.746)	(-203.787,-93.5706)	(-89.6479,-54.7474)	(-56.3358,-40.9636)	(67.278,-51.615)	(27.2831,5.76442)	
1.9	(-72.1655,112.648)	(-29.3317,-147.157)	(-60.6609,-33.2598)	(35.3119,0)	(53.3467,35.2404)	(-25.3126,15.9861)	(39.6662,0)	(28.5241,8.44747)	(29.7815,247.536)	(26.2314,51.9388)	(-30.6493,-23.5554)	(38.5172,-96.7521)	(-0.158106,4.11742)	(23.9609,-202.439)	(76.82,-66.112)	(80.4365,71.4848)	(35.7696,37.456)	(9.76887,-27.5716)	
1.94	(86.2416,-118.164)	(-6.0515,-106.388)	(89.7248,40.5806)	(80.8476,0)	(21.2817,-15.883)	(8.25608,37.8108)	(59.9474,0)	(40.4286,-2.88598)	(10.0831,-223.771)	(14.1585,-51.1748)	(-25.5317,20.9261)	(-37.3215,45.3487)	(-55.3555,26.8426)	(-9.98128,-232.636)	(81.5148,-103.672)	(-30.7359,-46.0443)	(-37.6462,8.47254)	(7.1247,23.9754)	
1.98	(46.9456,-96.0844)	(1.15123,-107.122)	(-55.9646,-37.0589)	(20.9833,0)	(15.0473,12.3827)	(-0.215481,55.7752)	(45.9232,0)	(26.4437,10.8768)	(205.038,-201.952)	(22.4098,-41.3599)	(-8.9498,8.6306)	(-47.5014,32.3581)	(-27.3598,-56.7075)	(88.313,-145.705)	(95.9679,-49.934)	(30.3558,37.7694)	(32.7984,99.128)	(13.44,-26.8681)	
2.02	(76.1478,-113.371)	(80.8938,-44.5665)	(8.4074,20.0081)	(77.7569,0)	(-16.1315,-7.56801)	(-83.7822,-5.12093)	(38.4325,0)	(38.6505,-9.17264)	(57.6857,-226.803)	(49.21,-17.0669)	(31.1749,22.0552)	(-53.0384,56.3787)	(-35.6628,18.1542)	(216.203,-90.0941)	(96.418,6.13768)	(6.42358,33.8027)	(-14.8485,28.1527)	(44.7557,-76.7485)	
2.06	(-64.1768,61.2528)	(111.696,-3.50282)	(-4.48404,-46.6535)	(-65.4438,0)	(-44.9441,45.1181)	(-33.9842,39.2383)	(9.65256,0)	(-18.9998,-37.7169)	(-161.17,137.809)	(-30.9981,71.7013)	(16.8387,40.0524)	(6.31295,-15.2482)	(31.3199,1.26463)	(226.362,27.9386)	(77.4505,-19.1263)	(-45.3778,35.2464)	(-58.2773,-64.1501)	(49.0591,34.3838)	
2.1	(-82.5322,-82.0697)	(67.8337,80.974)	(-56.8289,38.0238)	(-74.8832,0)	(13.1209,-24.9708)	(-62.9275,-37.5702)	(34.2042,0)	(-15.6636,-10.2649)	(-109.338,-200.991)	(-40.793,17.0296)	(41.6549,-9.04849)	(-7.33055,39.8709)	(12.7387,12.4277)	(205.402,78.4625)	(108.429,-9.6534)	(37.9464,-45.9498)	(-30.7461,-61.2393)	(9.52642,6.44872)	
2.14	(-107.454,54.9758)	(84.0391,52.9337)	(14.6268,9.64721)	(48.8478,0)	(10.5089,11.5986)	(-33.9641,-35.4162)	(40.8967,0)	(13.0254,-4.01882)	(-215.501,47.0922)	(-32.6247,-32.4684)	(19.1055,-0.50425)	(72.808,-60.2909)	(-14.7744,48.9274)	(181.669,68.3073)	(44.8879,-11.1719)	(-22.3512,-48.2513)	(3.49656,-25.5843)	(6.39523,27.244)	
2.18	(1.59041,-94.7714)	(78.1897,-14.8191)	(48.579,9.57824)	(32.813,0)	(15.0184,42.7725)	(-45.2766,-21.7426)	(19.0325,0)	(13.8203,9.01764)	(49.5036,-189.444)	(-7.55376,-17.0885)	(7.3708,-8.23777)	(48.1773,66.1473)	(10.7087,-15.2998)	(196.236,-42.8005)	(57.5804,3.82382)	(-20.7035,20.7386)	(-9.46444,-7.24722)	(-34.3619,30.113)	
2.22	(-86.4554,18.4147)	(84.1264,27.7579)	(-3.69472,-11.0661)	(12.8762,0)	(-18.778,23.5463)	(-34.2159,-12.9457)	(-20.6468,0)	(-7.13283,-10.3399)	(-171.998,-46.7942)	(-17.0956,2.1242)	(5.10158,55.4918)	(41.9755,47.562)	(-18.1926,-37.2736)	(173.309,56.6294)	(49.2844,17.469)	(-10.0635,-10.9976)	(-38.6286,-29.2126)	(8.79849,-12.6626)	
2.26	(17.5128,-86.4563)	(68.9319,15.324)	(45.0554,14.5694)	(47.9506,0)	(11.6846,-1.54164)	(-63.8408,-23.5074)	(13.0377,0)	(20.1357,4.01827)	(-25.6406,-167.827)	(38.1822,-34.9205)	(0.0130143,6.7963)	(19.2902,24.3276)	(9.50913,17.5398)	(182.272,53.0907)	(19.8857,8.46595)	(-35.9008,1.63393)	(-32.4324,0.916747)	(23.0969,-4.37496)	
