0.3	(-156.59,-97.3782)	(106.11,-191.384)	(7.232,82.3376)	(140.877,0)	(6.10697,2.6889)	(64.5344,-23.9647)	(80.4553,0)	(28.0847,23.3292)	(-41.3179,-58.0537)	(-67.2745,-62.1166)	(128.363,30.7086)	(-59.1644,-136.524)	(-64.0064,107.031)	(81.5261,127.18)	(55.5667,-29.7181)	(-182.039,115.893)	(-10.6326,38.8876)	(82.5582,141.178)	
0.34	(72.9935,66.186)	(115.286,-303.987)	(123.614,-69.5761)	(468.945,0)	(273.959,-42.4268)	(-54.0933,31.9508)	(101.876,0)	(5.29994,-12.6547)	(-83.1643,-169.236)	(15.6877,131.444)	(-44.0861,-224.506)	(33.9279,58.5734)	(-13.0016,163.999)	(19.265,81.9913)	(-62.1557,-78.6412)	(-227.952,229.782)	(-120.807,-117.632)	(7.58568,66.5085)	
0.38	(10.9776,95.9175)	(-404.403,-148.829)	(22.6847,-3.89811)	(688.315,0)	(510.648,30.9796)	(-40.3728,-19.2747)	(99.8532,0)	(-83.9758,-73.5249)	(-60.4001,193.749)	(-67.4067,-62.1388)	(49.6122,197.236)	(33.4104,-71.7465)	(-25.9951,-294.73)	(202.446,25.2417)	(-78.7997,30.0801)	(189.66,276.25)	(-174.408,-105.536)	(103.39,-175.919)	
0.42	(-49.8484,-234.36)	(-700.505,155.027)	(-59.1055,98.5139)	(-71.4819,0)	(-95.8751,-62.448)	(-157.798,-73.1907)	(44.974,0)	(-78.2335,-37.5726)	(48.7235,69.2911)	(594.841,193.432)	(-149.932,-607.914)	(176.599,-107.632)	(-119.098,365.984)	(389.96,-220.189)	(-82.1177,-20.0793)	(481.799,50.7881)	(-174.851,-110.186)	(176.846,-335.099)	
0.46	(115.813,-473.852)	(-849.479,95.7325)	(3.64798,-45.117)	(52.1322,0)	(-7.1945,10.1729)	(54.322,66.5827)	(-75.3584,0)	(-68.7344,49.2127)	(167.287,166.624)	(277.527,568.926)	(371.841,-868.838)	(133.15,-68.1963)	(-471.745,285.665)	(276.467,-25.1918)	(-94.4079,-119.547)	(730.58,-199.259)	(-118.987,-101.049)	(315.139,52.2678)	
0.5	(-431.853,506.107)	(-957.439,-189.953)	(18.4226,91.4814)	(39.751,0)	(-22.9237,-15.0356)	(27.0605,-0.743493)	(-54.9044,0)	(-55.4657,49.7746)	(71.0034,-343.429)	(-151.339,-758.771)	(-732.191,952.849)	(-288.271,1.75554)	(543.846,-84.4791)	(414.533,275.534)	(-167.92,58.5579)	(751.168,123.168)	(-174.457,187.352)	(333.571,-163.834)	
0.54	(-227.303,896.825)	(755.524,749.661)	(-2.76527,85.7421)	(154.293,0)	(35.7272,39.8546)	(34.2371,30.2291)	(66.129,0)	(98.2689,-50.7396)	(-123.881,-455.613)	(-566.367,-595.868)	(-329.184,1440.49)	(-244.079,222.354)	(415.838,-378.694)	(-213.263,-316.876)	(149.341,-25.173)	(-762.729,-708.993)	(179.102,-19.7342)	(-352.478,-192.94)	
0.58	(-609.157,1130.99)	(545.868,-1167.1)	(10.3969,80.9088)	(141.075,0)	(-74.3179,-4.06098)	(58.7807,19.4635)	(111.894,0)	(48.7354,-6.72145)	(23.2865,-595.796)	(-558.677,-691.683)	(-757.653,1564.1)	(-359.529,100.173)	(460.109,-219.864)	(-134.724,406.551)	(166.836,-55.1798)	(-456.384,1148.58)	(152.529,-40.7154)	(-206.664,288.907)	
0.62	(520.744,1259.66)	(-825.872,-1297.99)	(65.3782,146.957)	(-6.75907,0)	(109.827,-14.6931)	(78.0511,18.5508)	(-103.424,0)	(-234.927,84.9168)	(-250.978,-800.028)	(1104.74,-751.322)	(646.949,1912.38)	(333.944,233.241)	(-317.099,-205.89)	(591.01,556.775)	(-122.849,-156.624)	(580.832,1275.13)	(106.215,-229.406)	(-322.695,374.213)	
0.66	(-1595.16,615.986)	(821.37,1773.31)	(-89.6806,26.6492)	(71.5478,0)	(-1.28431,104.18)	(-48.8345,-90.6433)	(61.5441,0)	(248.681,-56.0613)	(1021.05,-365.749)	(842.88,1452.88)	(-2285.95,779.285)	(-146.511,186.902)	(122.411,-227.261)	(-465.182,-713.031)	(324.7,-10.4716)	(-594.244,-1727.5)	(253.277,-146.459)	(-118.027,-61.0201)	
0.7	(-2032.98,851.479)	(926.093,2089.71)	(-114.312,53.743)	(91.4859,0)	(24.9614,38.9522)	(-84.3185,-69.332)	(6.84381,0)	(169.926,-20.16)	(1301.86,-395.683)	(1031.23,1963.09)	(-2623.6,1040.44)	(-54.0066,225.361)	(26.2106,-169.892)	(-514.406,-1084.95)	(297.562,-17.7957)	(-913.653,-2157.84)	(295.589,-282.267)	(-89.2171,60.9084)	
0.74	(-2470.13,716.905)	(1083.13,2444.58)	(-38.5246,16.057)	(160.538,0)	(23.8319,-15.8348)	(-17.2718,-86.6654)	(169.436,0)	(158.449,-35.4306)	(1538.51,-253.133)	(841.964,2465.8)	(-2910.07,734.147)	(81.6316,41.8224)	(-131.948,-50.0572)	(-642.342,-1187.76)	(482.695,-195.102)	(-795.23,-2727.84)	(247.546,-422.258)	(-226.11,333.745)	
0.78	(-1959.94,-1125.06)	(509.203,-2365.46)	(-152.95,-70.6174)	(191.676,0)	(-61.0937,46.2739)	(-223.844,-71.2582)	(52.3481,0)	(269.153,26.0172)	(1013.22,967.845)	(-1240.1,2189.2)	(-2079.46,-1427.41)	(162.022,61.9814)	(-59.744,-176.115)	(-236.112,1155.66)	(312.223,136.623)	(-249.417,2667.39)	(60.3511,390.285)	(-137.932,-332.927)	
0.82	(-54.9201,192.774)	(646.704,470.638)	(302.534,166.117)	(3676.17,0)	(-391.871,-329.35)	(96.9863,-100.43)	(-45.9958,0)	(-100.092,-25.2665)	(103.968,-515.731)	(-6.44036,-961.868)	(-102.174,241.815)	(-88.5751,-183.128)	(2.0106,258.612)	(-545.88,-352.556)	(-432.382,-93.5303)	(-1122.7,-682.221)	(-109.317,-184.988)	(335.583,73.2141)	
0.86	(922.906,-879.712)	(-991.621,881.152)	(-62.6154,88.1332)	(-181.428,0)	(7.91714,101.863)	(50.7961,-37.1856)	(76.6263,0)	(55.1695,97.9164)	(-502.066,-157.159)	(-782.996,-746.638)	(922.341,-474.343)	(-139.502,458.909)	(231.772,-138.935)	(428.595,-63.6738)	(286.747,106.169)	(1369.25,-745.464)	(340.258,-142.696)	(-348.928,69.1172)	
0.9	(-68.0804,134.008)	(-339.412,-513.419)	(647.874,46.6068)	(1087.94,0)	(-486.567,-112.224)	(155.116,43.8293)	(121.282,0)	(5.9953,11.0519)	(-42.2744,-290.819)	(126.138,-864.283)	(-212.872,318.255)	(13.7629,25.1231)	(29.7123,142.528)	(116.774,429.752)	(-96.0648,281.674)	(183.749,1023.25)	(97.6046,73.6974)	(122.18,-220.7)	
0.94	(-550.512,6.83042)	(250.057,-244.854)	(72.3883,30.9335)	(170.51,0)	(20.9636,97.3255)	(71.5673,-94.9209)	(-65.896,0)	(-28.7852,-110.629)	(-130.839,-381.102)	(-148.93,-710.411)	(-249.898,132.085)	(342.649,-31.4788)	(-202.384,279.523)	(-290.898,298.756)	(-441.181,91.051)	(-716.323,484.012)	(5.84924,48.8741)	(219.795,-147.558)	
0.98	(-56.1557,-298.895)	(-191.026,-353.056)	(-15.8103,98.3041)	(216.554,0)	(-18.3032,-51.5381)	(-17.2412,104.187)	(38.8013,0)	(15.6359,-124.048)	(404.541,-264.961)	(249.381,-411.751)	(-124.719,159.552)	(70.5109,415.379)	(-117.142,-89.523)	(107.403,-20.9407)	(345.529,-74.8222)	(622.273,274.075)	(80.5971,61.911)	(-138.138,-49.2685)	
1.02	(54.2722,155.106)	(-158.609,182.789)	(291.116,-160.533)	(161.728,0)	(-88.0917,-8.88065)	(23.8967,-125.121)	(59.0425,0)	(-49.4652,30.3172)	(159.438,317.09)	(134.218,387.04)	(-165.244,7.42049)	(-66.8699,-136.235)	(-58.9222,-39.3856)	(163.006,162.167)	(245.236,300.725)	(491.822,275.282)	(43.8394,-0.139212)	(-93.3422,-139.778)	
1.06	(25.4526,-200.979)	(71.3722,162.725)	(126.755,90.9571)	(129.987,0)	(-19.8655,-5.69111)	(-108.557,-89.0577)	(-94.0781,0)	(20.4209,19.6239)	(57.6526,-349.803)	(223.423,-322.673)	(-98.061,-49.0667)	(69.1799,93.7573)	(-109.718,51.9701)	(-203.098,154.298)	(-211.218,349.924)	(-245.455,324.035)	(-85.3923,-42.8162)	(40.3909,-169.366)	
1.1	(132.446,241.148)	(-76.8918,-13.1765)	(45.0387,-83.5161)	(105.879,0)	(-20.2188,63.7835)	(-72.9958,139.101)	(-63.0277,0)	(0.572928,-69.0818)	(135.227,317.738)	(283.95,125.707)	(-71.1504,-33.8269)	(11.0396,-242.129)	(-105.457,194.711)	(-124.904,-132.677)	(-334.307,-121.067)	(-306.852,-23.5007)	(-56.5402,78.2592)	(149.945,-116.538)	
1.14	(189.2,-181.03)	(-63.5327,-272.669)	(-85.2605,66.5417)	(45.9074,0)	(4.21015,-61.2147)	(-5.09313,-46.6609)	(146.857,0)	(31.0714,-10.0447)	(200.362,-304.116)	(149.771,-164.131)	(-101.254,-125.174)	(-169.935,116.298)	(72.4879,-3.95156)	(83.8862,-35.567)	(289.451,-186.206)	(242.995,-108.126)	(135.613,160.874)	(-80.7353,69.6489)	
1.18	(68.836,205.871)	(115.615,156.576)	(127.305,-103.389)	(117.6,0)	(3.52324,-0.548763)	(2.47687,27.8164)	(102.697,0)	(16.3175,-87.851)	(2.65767,260.626)	(131.941,194.036)	(-81.2455,127.796)	(88.3858,-149.007)	(-106.674,-89.1537)	(47.6659,236.81)	(378.122,104.601)	(263.715,45.5367)	(8.91466,-118.264)	(-103.684,136.886)	
1.22	(112.016,-241.874)	(-188.621,147.784)	(215.435,46.6022)	(83.4416,0)	(-132.557,-64.2412)	(67.0501,165.287)	(-43.4365,0)	(51.0866,-132.322)	(-108.642,-295.425)	(11.1913,-224.236)	(-249.435,44.6068)	(-90.7834,56.4991)	(20.0023,-57.1432)	(-101.658,-32.5584)	(-344.69,-11.81)	(-190.151,-26.3779)	(61.8733,-128.178)	(55.6851,14.3959)	
1.26	(-124.008,288.603)	(-112.26,-209.451)	(92.5622,-61.4413)	(98.3136,0)	(122.459,-70.2764)	(-20.5673,-9.6032)	(143.336,0)	(175.889,63.3213)	(-113.99,260.663)	(-62.3774,35.2324)	(-179.468,-166.777)	(191.005,-220.874)	(-47.864,82.0371)	(-154.592,-61.6433)	(108.371,-258.484)	(49.3304,-111.47)	(126.076,113.436)	(-178.684,5.56987)	
1.3	(132.537,-222.015)	(-14.6642,242.807)	(-74.6912,66.3275)	(-112.993,0)	(-71.3094,61.1456)	(35.8171,-10.3534)	(139.57,0)	(94.8137,-80.2436)	(130.371,-219.905)	(141.385,0.34325)	(238.42,191.304)	(-191.866,206.844)	(70.2073,-77.5287)	(-132.155,179.155)	(245.301,172.871)	(95.3369,15.9065)	(75.4002,-155.662)	(-124.061,111.823)	
1.34	(294.423,-69.7026)	(-125.542,60.8738)	(-58.486,136.39)	(140.742,0)	(-14.8423,-54.888)	(13.9863,-88.8401)	(-108.359,0)	(-65.5458,-14.6161)	(241.033,-64.2659)	(46.7039,-207.871)	(-72.3243,-323.842)	(-175.167,-27.9724)	(52.3375,21.7219)	(-186.836,3.79242)	(-283.449,222.52)	(-157.841,57.9781)	(0.00597584,-97.3028)	(3.71562,91.4126)	
1.38	(-268.781,-108.121)	(226.894,114.31)	(60.0491,-78.4517)	(-53.8713,0)	(-35.0457,2.90934)	(-90.5604,22.8639)	(125.082,0)	(138.368,-35.8122)	(-238.473,32.2697)	(-69.8075,-161.998)	(14.547,-279.262)	(66.9142,-31.6523)	(-153.764,31.2132)	(190.389,7.21641)	(349.093,138.089)	(156.146,-3.49491)	(-79.0633,166.174)	(3.27591,-96.6754)	
1.42	(19.7509,294.655)	(134.285,-317.312)	(105.211,-95.4603)	(144.44,0)	(-113.706,-49.9195)	(148.872,118.242)	(73.6263,0)	(-156.792,-95.4751)	(-120.366,211.664)	(75.3283,108.231)	(-35.5116,257.635)	(-33.6131,-139.028)	(-82.9515,-7.67718)	(56.7576,-81.3197)	(85.4251,-364.072)	(-27.354,-10.3628)	(-53.9252,-27.5523)	(11.2223,58.3016)	
1.46	(-139.965,-255.617)	(242.139,225.19)	(122.071,-2.24558)	(83.6317,0)	(-56.9976,50.8482)	(55.1284,-140.682)	(83.7411,0)	(-64.8603,73.2055)	(-281.344,-110.774)	(9.99653,-157.843)	(-66.6899,-293.47)	(77.9523,32.5527)	(-86.648,-3.01929)	(49.7565,55.2092)	(140.582,364.59)	(86.8179,37.2211)	(-140.408,80.8335)	(-98.6275,-30.625)	
1.5	(315.223,-77.0594)	(105.577,147.02)	(-137.462,-15.6803)	(184.956,0)	(54.9114,16.5676)	(-97.5882,45.2926)	(58.4257,0)	(99.5075,-16.4392)	(206.948,-171.352)	(137.371,247.883)	(43.5444,333.421)	(-175.827,67.4934)	(74.0471,-36.1481)	(62.6183,114.194)	(292.101,161.444)	(97.0677,12.9427)	(-5.4174,-132.778)	(-21.5903,67.9406)	
1.54	(-159.307,93.3021)	(273.822,63.2105)	(68.8897,-88.4511)	(40.6569,0)	(41.3283,11.626)	(-40.7921,39.1148)	(85.3233,0)	(126.571,-96.8788)	(-186.251,229.23)	(-181.939,-271.582)	(9.42329,-319.508)	(177.115,-62.1416)	(-82.0218,40.1317)	(117.656,49.6335)	(320.365,-57.0061)	(52.7793,6.08191)	(-113.876,-169.575)	(13.4064,129.435)	
1.58	(178.89,-107.054)	(-274.377,83.8712)	(-265.998,-219.762)	(80.2393,0)	(35.2652,9.0466)	(17.3919,47.0348)	(-74.5595,0)	(-64.2173,17.6004)	(105.057,-24.7104)	(198.532,-216.201)	(176.656,-287.193)	(-63.1719,-37.4954)	(-3.53714,22.7261)	(-196.254,-49.0696)	(-346.736,68.1419)	(-89.3797,35.4333)	(-31.5304,69.9599)	(-1.49727,-110.666)	
1.62	(158.127,-158.576)	(-216.823,258.192)	(1.91369,133.3)	(29.1331,0)	(5.21664,-51.1852)	(35.1093,26.2772)	(-54.674,0)	(0.0778522,-2.91207)	(-62.6706,-243.228)	(204.511,-148.33)	(222.668,-163.811)	(-0.366536,5.28109)	(-59.2881,-86.2287)	(-66.1036,171.587)	(-411.61,136.778)	(-33.4229,55.6273)	(-54.4568,-41.554)	(2.58181,-123.006)	
1.66	(227.166,-22.9799)	(306.902,-109.341)	(-65.7569,45.8557)	(-28.3995,0)	(29.1815,-31.0393)	(-89.6501,-120.357)	(106.426,0)	(102.288,144.155)	(251.167,-138.487)	(156.923,208.06)	(-75.6828,258.58)	(-61.1703,-4.77282)	(55.8462,3.70049)	(100.269,-11.5525)	(327.474,-43.5053)	(0.136521,65.3641)	(-26.0171,95.5316)	(-59.3937,53.9946)	
1.7	(-138.986,36.7306)	(43.2935,-150.002)	(164.121,-0.812236)	(87.338,0)	(2.06984,-23.5236)	(-122.305,-10.7426)	(107.083,0)	(102.023,56.2113)	(-247.671,-40.2316)	(-75.23,192.9)	(69.9979,239.335)	(97.5827,72.3824)	(-106.674,-8.15472)	(-34.2075,-252.874)	(195.557,-244.882)	(-2.82916,-67.4856)	(96.766,-3.41804)	(-54.3872,-15.8948)	
1.74	(-18.7111,240.359)	(-28.1193,-132.953)	(63.8464,-17.5024)	(56.71,0)	(-44.2865,-41.4051)	(96.3375,63.7766)	(-136.284,0)	(-124.757,-30.5469)	(-103.4,269.079)	(54.7444,55.3399)	(189.718,-29.5923)	(82.1301,-110.259)	(-58.7776,-61.8252)	(46.318,-154.817)	(-87.4376,-220.512)	(14.7167,-65.4716)	(9.91951,-19.0606)	(30.5897,-51.8108)	
1.78	(-187.97,-76.3774)	(26.4045,114.72)	(68.7686,-139.026)	(47.8288,0)	(50.6827,27.2137)	(-5.56426,-52.142)	(-54.4337,0)	(-32.7889,-43.3302)	(-249.328,9.54078)	(-20.9719,-71.6495)	(84.8349,-2.05119)	(141.548,-101.569)	(-20.1594,152.076)	(114.312,166.089)	(-29.7797,101.355)	(-8.44837,-19.7762)	(21.9994,-42.9802)	(-54.5802,112.437)	
1.82	(15.8508,-160.115)	(114.953,62.3614)	(105.403,-0.823781)	(92.7753,0)	(13.2452,36.524)	(-19.7331,-9.34272)	(36.9332,0)	(78.3403,20.2082)	(-93.0902,-185.445)	(21.5809,6.23796)	(-58.1701,93.6912)	(52.1525,105.497)	(23.0376,-10.3271)	(206.502,165.974)	(39.2287,95.599)	(17.0598,12.5154)	(-86.9172,1.75669)	(0.306338,23.0552)	
1.86	(66.4737,90.7351)	(150.933,0.0523019)	(-20.5402,-40.0367)	(-47.0049,0)	(-21.9394,21.766)	(5.91398,9.50727)	(-54.6293,0)	(-46.6126,-55.1478)	(57.3706,215.08)	(-18.3854,-13.3671)	(-73.1211,15.2382)	(-50.7073,-99.0566)	(10.9487,-32.9445)	(212.484,-77.0466)	(97.6964,-49.2451)	(62.4082,-31.1723)	(-56.8813,-59.6156)	(-26.214,5.74658)	
1.9	(80.6949,73.6586)	(42.4178,-148.501)	(-25.5531,-25.5297)	(32.4947,0)	(69.634,-36.8814)	(-23.7221,5.17211)	(36.4965,0)	(35.0015,3.42267)	(224.966,72.4778)	(73.4372,42.2371)	(-30.8468,21.4529)	(-39.7131,-89.7247)	(0.205748,5.77658)	(109.542,-172.457)	(96.7389,-51.9052)	(57.7353,87.5705)	(27.2626,20.7023)	(-18.4709,-3.8566)	
1.94	(10.5393,125.559)	(-10.6798,120.172)	(15.0329,-21.4832)	(31.06,0)	(57.2431,-8.90649)	(-40.5103,-27.8065)	(41.6213,0)	(44.6856,-19.7478)	(-19.8517,209.191)	(-20.9999,68.526)	(-24.7105,-1.78328)	(4.69263,-36.438)	(-70.886,-19.3721)	(64.4172,201.451)	(111.957,77.0957)	(5.26319,59.2159)	(32.8254,-1.75853)	(-47.3431,-13.1997)	
1.98	(-46.8783,93.1248)	(3.00833,93.35)	(50.7097,23.7212)	(-15.3152,0)	(-9.67821,-11.129)	(7.35201,-52.2434)	(44.0721,0)	(22.0755,-10.0713)	(-165.496,193.199)	(-20.8964,40.5305)	(13.4168,-8.28782)	(32.4477,-30.9435)	(29.5517,50.7412)	(81.0587,128.164)	(89.9373,53.1887)	(30.2389,-36.0088)	(33.8438,-83.2226)	(9.69022,28.2875)	
2.02	(68.9267,-98.0348)	(68.8105,47.3556)	(5.53503,17.9628)	(63.2719,0)	(-13.6775,-8.388)	(-71.6084,0.414667)	(32.7821,0)	(33.5044,9.145)	(54.4749,-186.066)	(43.3795,-15.3007)	(25.0432,16.4572)	(-48.4003,45.8387)	(-27.2256,16.6827)	(174.173,93.2148)	(80.523,-1.42057)	(8.71596,-28.0707)	(-6.0586,-28.1491)	(31.3312,69.511)	
2.06	(52.8725,-55.9072)	(95.6101,4.9769)	(4.13065,40.5172)	(53.1139,0)	(36.2231,-37.0392)	(-29.8432,31.8767)	(7.31394,0)	(-12.597,-32.9121)	(119.406,-110.288)	(24.8282,-53.5516)	(-13.0353,-29.855)	(-2.49506,17.7121)	(-26.008,0.427751)	(176.899,37.8237)	(63.5412,-13.3551)	(-38.2358,26.8739)	(-43.6428,-57.4163)	(37.2052,27.0802)	
2.1	(63.3476,-65.974)	(-55.3283,-64.4358)	(46.8279,26.5375)	(56.6669,0)	(-10.9227,-17.4089)	(49.7976,31.1278)	(-23.8646,0)	(10.1242,6.27905)	(76.9536,-149.417)	(31.6592,12.4083)	(-31.2683,-5.37055)	(5.08015,33.4488)	(-8.74539,7.70091)	(-151.803,-62.7015)	(-84.3152,4.16209)	(-28.6615,33.1612)	(22.8252,45.0666)	(-6.60279,-2.63273)	
2.14	(79.8344,-43.6488)	(60.8403,-36.6733)	(-15.5247,-10.8416)	(-36.0697,0)	(-6.89039,-5.63386)	(-23.7869,23.1988)	(29.5996,0)	(7.00738,5.42862)	(151.059,-46.6854)	(27.2668,26.9212)	(-11.2089,4.30426)	(-53.793,46.8407)	(10.2192,-33.1224)	(121.491,-50.2189)	(31.0098,7.80133)	(-18.0982,32.2319)	(1.7801,18.2763)	(3.89946,-17.3333)	
2.18	(59.4622,-11.576)	(-23.5026,-58.0324)	(12.0533,39.0146)	(5.51261,0)	(-21.2566,22.0395)	(36.3777,11.753)	(3.71849,0)	(-7.785,2.88304)	(116.566,-52.003)	(5.71301,-14.1922)	(1.66466,-7.58252)	(-29.0562,37.3995)	(8.43092,-9.59284)	(-48.416,-122.946)	(-12.2679,-36.1096)	(-9.11094,11.593)	(21.072,0.716502)	(-19.0506,41.6086)	
2.22	(-51.8587,-22.5837)	(51.1287,-29.3994)	(-2.37766,9.41795)	(6.8851,0)	(-7.63273,-15.1437)	(-19.9885,13.0656)	(-13.6255,0)	(-2.58202,5.13874)	(-104.831,0.150981)	(-9.77588,-4.90911)	(8.86539,-30.2186)	(30.4319,-21.4761)	(-14.2901,18.6403)	(98.0931,-53.8458)	(28.8793,-16.124)	(-3.22119,5.72706)	(-21.0928,29.853)	(7.5939,13.0851)	
2.26	(3.9841,-51.3091)	(-26.3041,-22.5522)	(22.9698,7.50151)	(24.0645,0)	(6.40406,1.79067)	(25.9345,22.182)	(-5.94177,0)	(-7.73714,-3.13187)	(-20.0963,-89.6561)	(17.9671,-20.5307)	(0.681615,0.336831)	(12.3607,16.3213)	(4.36996,7.7835)	(-65.5164,-57.1021)	(-9.24694,-5.33962)	(11.8344,6.39677)	(12.7927,11.2405)	(-10.529,-4.86405)	
